1	0,-10
1	1,4
1	10,10
1	11,-10
1	12,-2
1	13,-4
1	14,-2
1	15,10
1	16,4
1	17,-4
1	18,-10
1	19,4
1	2,-4
1	20,-2
1	21,-10
1	22,10
1	23,-2
1	24,10
1	25,4
1	26,-2
1	27,-2
1	28,-2
1	29,-4
1	3,2
1	30,4
1	31,-10
1	32,-10
1	33,-4
1	34,2
1	35,4
1	36,-10
1	37,2
1	38,-4
1	39,10
1	4,-4
1	40,-4
1	41,-4
1	42,4
1	43,-4
1	44,4
1	45,10
1	46,-2
1	47,-10
1	48,-10
1	49,-2
1	5,2
1	50,-4
1	51,-4
1	52,-10
1	53,-10
1	54,-2
1	55,4
1	56,4
1	57,10
1	58,-4
1	59,-2
1	6,10
1	60,-4
1	61,-4
1	62,4
1	63,-2
1	7,-10
1	8,-10
1	92
2	0,0
2	1,2
2	10,-6
2	11,0
2	12,4
2	13,-4
2	14,4
2	15,0
2	16,-4
2	17,6
2	18,2
2	19,-2
2	2,0
2	20,-6
2	21,4
2	22,4
2	23,8
2	24,0
2	25,0
2	26,-4
2	27,-2
2	28,-2
2	29,-4
2	3,6
2	30,0
2	31,2
2	32,-4
2	33,-2
2	34,0
2	35,2
2	36,6
2	37,-2
2	38,0
2	39,0
2	4,0
2	40,0
2	41,0
2	42,2
2	43,-2
2	44,0
2	45,-4
2	46,0
2	47,2
2	48,-4
2	49,4
2	5,0
2	50,2
2	51,8
2	52,0
2	53,-2
2	54,0
2	55,-4
2	56,-4
2	57,4
2	58,-4
2	59,-6
2	6,-2
2	60,4
2	61,-2
2	62,2
2	63,-4
2	7,-6
2	8,-4
2	90
3	0,-1
3	1,-1
3	10,1
3	11,-1
3	12,5
3	13,1
3	14,3
3	15,-5
3	16,3
3	17,1
3	18,1
3	19,3
3	2,-5
3	20,1
3	21,1
3	22,1
3	23,1
3	24,-3
3	25,1
3	26,1
3	27,3
3	28,-1
3	29,-1
3	3,5
3	30,-1
3	31,-1
3	32,5
3	33,-1
3	34,-5
3	35,-1
3	36,1
3	37,3
3	38,1
3	39,-1
3	4,5
3	40,1
3	41,-1
3	42,-1
3	43,-1
3	44,1
3	45,-1
3	46,1
3	47,1
3	48,1
3	49,-5
3	5,-3
3	50,1
3	51,-1
3	52,1
3	53,1
3	54,3
3	55,1
3	56,3
3	57,-1
3	58,3
3	59,-1
3	6,-1
3	60,-5
3	61,1
3	62,-3
3	63,3
3	7,-3
3	8,1
3	9-3
4	0,-1
4	1,1
4	10,1
4	11,1
4	12,1
4	13,-1
4	14,-1
4	15,-1
4	16,1
4	17,-1
4	18,-1
4	19,-1
4	2,-1
4	20,-1
4	21,-1
4	22,-1
4	23,-1
4	24,-1
4	25,1
4	26,-1
4	27,-1
4	28,-1
4	29,1
4	3,1
4	30,1
4	31,1
4	32,1
4	33,1
4	34,-1
4	35,1
4	36,1
4	37,-1
4	38,-1
4	39,1
4	4,-1
4	40,1
4	41,1
4	42,1
4	43,-1
4	44,-1
4	45,1
4	46,-1
4	47,-1
4	48,1
4	49,1
4	5,1
4	50,1
4	51,1
4	52,-1
4	53,1
4	54,-1
4	55,-1
4	56,-1
4	57,-1
4	58,1
4	59,1
4	6,-1
4	60,1
4	61,1
4	62,-1
4	63,-1
4	7,-1
4	8,-1
