0,-10
bit 0 YAAAAAAAAAAAAAAAAY
1,4
10,10
11,-10
12,-2
13,-4
14,-2
15,10
16,4
17,-4
18,-10
19,4
2,-4
20,-2
21,-10
22,10
23,-2
24,10
25,4
26,-2
27,-2
28,-2
29,-4
3,2
30,4
31,-10
32,-10
33,-4
34,2
35,4
36,-10
37,2
38,-4
39,10
4,-4
40,-4
41,-4
42,4
43,-4
44,4
45,10
46,-2
47,-10
48,-10
49,-2
5,2
50,-4
51,-4
52,-10
53,-10
54,-2
55,4
56,4
57,10
58,-4
59,-2
6,10
60,-4
61,-4
62,4
63,-2
7,-10
8,-10
9,2
0,0
bit 0 YAAAAAAAAAAAAAAAAY
#file 1
-11-11-111-1-111-1-1-1-111-1-11-1-11-111-1-1-1-11-1-1-111-11-11-1-11-111-1-1-1-1-1-1-1-1-1111-1-1-1-11-1
1	-11-11-111-1-111-1-1-1-111-1-11-1-11-111-1-1-1-11-1-1-111-11-11-1-11-111-1-1-1-1-1-1-1-1-1111-1-1-1-11-1
1,2
10,-6
11,0
12,4
13,-4
14,4
15,0
16,-4
17,6
18,2
19,-2
2,0
20,-6
21,4
22,4
23,8
24,0
25,0
26,-4
27,-2
28,-2
29,-4
3,6
30,0
31,2
32,-4
33,-2
34,0
35,2
36,6
37,-2
38,0
39,0
4,0
40,0
41,0
42,2
43,-2
44,0
45,-4
46,0
47,2
48,-4
49,4
5,0
50,2
51,8
52,0
53,-2
54,0
55,-4
56,-4
57,4
58,-4
59,-6
6,-2
60,4
61,-2
62,2
63,-4
7,-6
8,-4
9,0
0,-1
bit 0 YAAAAAAAAAAAAAAAAY
#file 2
-11-11-1-1-1-1-1-1-1-11-11-1-111-1-1111-1-1-1-1-1-1-11-1-1-111-1-1-1-1-11-1-1-1-11-1111-1-1-1-1-11-1-11-11-1
2	-11-11-1-1-1-1-1-1-1-11-11-1-111-1-1111-1-1-1-1-1-1-11-1-1-111-1-1-1-1-11-1-1-1-11-1111-1-1-1-1-11-1-11-11-1
1,-1
10,1
11,-1
12,5
13,1
14,3
15,-5
16,3
17,1
18,1
19,3
2,-5
20,1
21,1
22,1
23,1
24,-3
25,1
26,1
27,3
28,-1
29,-1
3,5
30,-1
31,-1
32,5
33,-1
34,-5
35,-1
36,1
37,3
38,1
39,-1
4,5
40,1
41,-1
42,-1
43,-1
44,1
45,-1
46,1
47,1
48,1
49,-5
5,-3
50,1
51,-1
52,1
53,1
54,3
55,1
56,3
57,-1
58,3
59,-1
6,-1
60,-5
61,1
62,-3
63,3
7,-3
8,1
9,-3
0,-1
bit 0 YAAAAAAAAAAAAAAAAY
#file 3
-1-1-111-1-1-11-11-1111-111111111-1111-1-1-1-11-1-1-1111-11-1-1-11-1111-11-111111-11-1-11-11
3	-1-1-111-1-1-11-11-1111-111111111-1111-1-1-1-11-1-1-1111-11-1-1-11-1111-11-111111-11-1-11-11
1,1
10,1
11,1
12,1
13,-1
14,-1
15,-1
16,1
17,-1
18,-1
19,-1
2,-1
20,-1
21,-1
22,-1
23,-1
24,-1
25,1
26,-1
27,-1
28,-1
29,1
3,1
30,1
31,1
32,1
33,1
34,-1
35,1
36,1
37,-1
38,-1
39,1
4,-1
40,1
41,1
42,1
43,-1
44,-1
45,1
46,-1
47,-1
48,1
49,1
5,1
50,1
51,1
52,-1
53,1
54,-1
55,-1
56,-1
57,-1
58,1
59,1
6,-1
60,1
61,1
62,-1
63,-1
7,-1
8,-1
